   1.0222573509815400e+00   1.0226341506586281e+00   1.0148385611263304e+00   1.0650284692839824e+00   1.1609275659947536e+00   1.0123374503033922e+00
   1.0242054209027973e+00   1.0399913212146856e+00   1.0371978806442734e+00   1.0381770912520274e+00   1.0297022095838468e+00   9.7559456311809967e-01
   1.0251952664999555e+00   9.6983208747617333e-01   1.0166324634345236e+00   9.5588597370350692e-01   9.7116013175607740e-01   1.0250030647499999e+00
   1.0000001331572734e+00   9.9555110984332673e-01   1.0156066517866205e+00   1.0384577235983550e+00   1.0863685595286741e+00   1.0365892517748911e+00
   1.0093097254421264e+00   9.5089897951702351e-01   1.0025032928575059e+00   9.4073261014181930e-01   9.9044521009657915e-01   8.9413068441526311e-01
   9.8156781169222751e-01   9.4131117783687968e-01   9.4774649552308821e-01   8.8977797535340819e-01   9.1786928630650078e-01   9.9999520811514253e-01
   1.0281765599517205e+00   1.1321642523553905e+00   1.0104907214281869e+00   1.1150464102233832e+00   1.0526400745121152e+00   8.9473325679239035e-01
   9.4975360108072926e-01   9.4712274717268707e-01   9.8440393287725814e-01   9.1271268370909986e-01   8.8999121528009750e-01   1.1176559574012108e+00
   1.0518948503383778e+00   1.0088401050945257e+00   1.0369544054538724e+00   1.2521588774984869e+00   1.0393184856222963e+00   9.6053075549506906e-01
   1.0437823224588583e+00   1.2095165757234430e+00   1.0839742227787490e+00   1.0065646031234143e+00   1.1675710829305455e+00   1.0410985379234294e+00
   1.0636322855373588e+00   1.0373927159376406e+00   1.0298083498799613e+00   1.0699333527745534e+00   1.0370320818103755e+00   1.0263142625158410e+00
   1.0145537200983219e+00   1.0398486375013749e+00   9.9540213550505319e-01   1.0000081946468513e+00   9.7768339481511179e-01   8.7179667221621737e-01
   9.9385606251902925e-01   1.0364905261960726e+00   1.0149975362408670e+00   1.0065414701456659e+00   1.0228200020646696e+00   1.0882349761514374e+00
   1.0123684167238947e+00   1.0352044712734054e+00   1.0409573521450086e+00   1.0064969226420009e+00   9.7320423585608229e-01   1.1081136995987713e+00
   1.0052392013603539e+00   9.9651402666013777e-01   9.9125025992381988e-01   1.0580807628410926e+00   1.1284538203979224e+00   1.0487687635968710e+00
   1.0081492475695817e+00   9.6895216127457728e-01   1.0231578153007836e+00   1.0060737454862259e+00   9.9998819763320712e-01   1.0232631816889610e+00
   9.9594955136454766e-01   1.0035650440149861e+00   9.8212845509658586e-01   9.8772856365379524e-01   1.0731682857351759e+00   9.0908958598636724e-01
   1.0589333208671077e+00   1.0301621769678719e+00   1.0231737997610053e+00   9.9379123816618564e-01   9.5832677660465948e-01   9.9999586866769030e-01
   1.0422248788487065e+00   1.0361294103565768e+00   9.9783035122695563e-01   1.0000000184159119e+00   9.9604685132243476e-01   9.9999183014939763e-01
   1.0202520615276995e+00   1.0232609052306356e+00   1.0064855443869307e+00   1.0125007991607280e+00   1.1071364565155393e+00   1.0500066852483485e+00
   1.0035933498006442e+00   9.9335615788805764e-01   9.9140265855137133e-01   1.0864072205512916e+00   9.4265973468812347e-01   1.0000024189825834e+00
   9.7128083827865752e-01   1.0527895386438193e+00   9.8268964759164479e-01   1.0284156708840613e+00   9.9620524371144048e-01   1.0237918130601893e+00
   9.9440537827241637e-01   1.0062775355585325e+00   1.0181567490219394e+00   9.7218874974200786e-01   9.0458950559143592e-01   9.9999205807750013e-01
   1.0394105092477923e+00   9.8130967314127537e-01   9.5760720958995871e-01   1.0402129391770938e+00   1.0000086129349217e+00   1.1511703767143231e+00
   1.0180524990092696e+00   1.0222331794939634e+00   9.9432975672737356e-01   9.5026582413916016e-01   9.9579155265596442e-01   1.0101038589989899e+00
   1.0035551097028796e+00   9.8912483842143273e-01   9.8287655764836279e-01   1.0930275160268985e+00   9.7457118707270263e-01   9.5999864093952003e-01
   1.0141392802577864e+00   9.7015350444906256e-01   1.0104499758217165e+00   9.8402571115729998e-01   1.0782624466829864e+00   8.9582608862233204e-01
   1.0279263753705656e+00   1.0486035348646572e+00   1.0160976850436982e+00   1.0000030134007210e+00   9.2338705748753724e-01   1.0697676150786601e+00
   9.9827862844000415e-01   9.8285335724234268e-01   1.0113143077583282e+00   1.0055030217201877e+00   1.1233651861564968e+00   1.1847842002834459e+00
   9.8634233938339655e-01   9.8893065916617273e-01   1.0027127336566852e+00   9.5651239553838141e-01   9.5101425483857616e-01   9.7248296870054751e-01
   9.7054194101280100e-01   9.9999938939278787e-01   1.0145581759767848e+00   9.7726455397109824e-01   1.0729530881821048e+00   9.0565943467023313e-01
   9.8928736374317161e-01   1.0128222770481647e+00   9.8121001919797746e-01   9.4767036970675955e-01   1.0400022567852321e+00   1.0520776433141998e+00
   9.8375387046555607e-01   9.9367614667249571e-01   1.0180267678589670e+00   9.8772448477246011e-01   9.3846599193397251e-01   1.0099084337213431e+00
   9.4870492812289631e-01   9.9971472425552454e-01   1.0066330576106102e+00   1.0745425515392275e+00   9.4262521556826262e-01   9.8039284283688288e-01
   1.0195271379212942e+00   1.0179048292966484e+00   9.7582886191089369e-01   9.3065599876094729e-01   1.0130405505772360e+00   9.5999186402581915e-01
   1.0172347832267949e+00   9.8239960434967522e-01   1.0822466133885091e+00   1.0062954469140037e+00   9.7424706450759513e-01   9.5833032721688383e-01
   1.0226128877526215e+00   1.0358378610525847e+00   1.0105071775243519e+00   9.2499809645664044e-01   9.2952253955115272e-01   9.8913093401085195e-01
   1.0239331730391645e+00   1.0392999706335049e+00   1.0183819457601733e+00   1.0675549048215016e+00   9.9998722466981904e-01   1.0109835922801989e+00
   1.0125856910391728e+00   9.9848793039771466e-01   9.8607796524366054e-01   1.0632809440402673e+00   1.0852893190516208e+00   1.0652175499531005e+00
   1.0557737866831776e+00   9.9353289506729980e-01   1.0141166011780829e+00   1.0119043845035236e+00   9.6943327892108222e-01   8.9795890970823444e-01
   1.0067983661403741e+00   1.0399940565035628e+00   1.0888846978633440e+00   9.3500717658810673e-01   1.0360457067331792e+00   1.0454623711393261e+00
   1.0000000863084746e+00   1.0221897273510629e+00   1.0052979996813134e+00   1.0063578987211850e+00   1.0086742119653413e+00   9.5652247963098436e-01
   1.0151493847202608e+00   1.0217058563456121e+00   1.0157160553177236e+00   1.0126628454264643e+00   9.6552417622264330e-01   1.0454487114684623e+00
   9.7677675661416008e-01   9.8298688390096489e-01   9.9613077379465109e-01   9.9375405559253749e-01   9.8213997074156345e-01   1.0869560759051702e+00
   1.0424486106174804e+00   1.0187230744225739e+00   9.9222824211229554e-01   1.0817569202992967e+00   9.7728192435682082e-01   1.3200090022970827e+00
   1.0179151746193096e+00   9.6751083894830048e-01   1.0039203884198638e+00   9.3022924873263590e-01   9.7673262579741715e-01   8.1059285642254864e-01
   1.0101915183224501e+00   1.0519430527098483e+00   1.0136591625119697e+00   1.0185174863459199e+00   9.7142817879187737e-01   1.1402096404695967e+00
   1.0063644696560701e+00   9.8166521453412303e-01   1.0407358297257980e+00   9.7515759616568665e-01   1.0098062825722021e+00   9.5082402787916198e-01
   9.8098206555868983e-01   9.7412353837924404e-01   9.9072002881982901e-01   9.6815250656600960e-01   9.8058720961319756e-01   1.0862087770249735e+00
   1.0290720180966781e+00   1.0442407757625265e+00   9.9999699496275962e-01   9.9999701006909303e-01   1.0989948961484912e+00   1.0158720482298962e+00
   1.0000081047326346e+00   1.0169585407189765e+00   9.8876173835116365e-01   1.0197504422272941e+00   1.0360208660394730e+00   1.1249939821624075e+00
   1.0282566086644134e+00   9.7500244562382699e-01   1.0075770244898274e+00   9.8710533605305417e-01   9.9999735617749907e-01   9.9307050685061315e-01
   9.9453488540842849e-01   9.6235775718272965e-01   9.7556034470532760e-01   9.8692401289692810e-01   9.8259759672376690e-01   1.0139755321769028e+00
   1.0092622974484642e+00   9.9400229343190649e-01   9.8267608288673336e-01   9.9998247055226763e-01   9.4676835448682861e-01   1.3655111859047822e+00
   9.8927627248970007e-01   1.0120511049207310e+00   1.0161736066867866e+00   1.0469827462359320e+00   9.8068542736590381e-01   9.6970020598826734e-01
   1.0015588762834051e+00   1.0059788847084645e+00   1.0174402924546493e+00   9.8718901908370205e-01   1.0443334263796820e+00   9.5834263424994270e-01
   1.0370746647668398e+00   1.0207096905371156e+00   9.8095166971635406e-01   9.8051983519980956e-01   9.5283387882762594e-01   1.0217450071473775e+00
   1.0327911274782970e+00   1.0115937614062949e+00   1.0107006290030787e+00   1.0132449521970674e+00   1.1287249897571288e+00   9.3084142071641351e-01
   1.0544609331994406e+00   9.7374713952745917e-01   1.0566714688098684e+00   1.0261363333342586e+00   1.0350919208267455e+00   1.0742947772814948e+00
   1.0390714643621020e+00   9.9702505490261117e-01   1.0181816519894493e+00   1.0919862209602444e+00   9.7804397643634389e-01   9.5743546625557341e-01
   9.7911526875111077e-01   9.8806879433886341e-01   9.9151502827100790e-01   9.7042323252001195e-01   1.0478275953856975e+00   9.3332520688426801e-01
   9.9857141427118035e-01   9.8186967504501288e-01   9.9000055088058336e-01   9.8170225809873823e-01   1.0373433276690309e+00   9.0476150269554001e-01
   9.8291878796046250e-01   9.9383767447103588e-01   1.0192748388500132e+00   1.0000018750008164e+00   1.0079978434784054e+00   9.6052652543963046e-01
   1.0115809394576118e+00   1.0464276895849460e+00   1.0594720518235565e+00   1.0869482306508791e+00   1.0753855256802272e+00   1.0890581514603868e+00
   9.5128520605135936e-01   9.9999765180135292e-01   1.0340030127586168e+00   1.0000119285713820e+00   1.0295321210662400e+00   9.7483993035988714e-01
   9.5811907710180999e-01   1.0508820602990445e+00   9.8686140357565966e-01   1.0305543140033426e+00   9.8924975409283400e-01   9.8063571315121900e-01
   9.8575187314198776e-01   1.0227913771647834e+00   1.0266545339276294e+00   9.9999762669996117e-01   1.0356569359506320e+00   1.0370492631778674e+00
   9.8234962493826405e-01   9.8883527553608208e-01   1.0128581201141236e+00   1.0000002792800338e+00   1.0947460549561288e+00   1.0641130972053607e+00
   1.0065179474462460e+00   9.6619202190984865e-01   9.6460751561423164e-01   9.9438335164829683e-01   9.7436407002005732e-01   1.0361563629344652e+00
   9.4480154143153650e-01   1.0408166533627907e+00   1.0241747414012159e+00   1.0225897602426801e+00   1.0559147041211672e+00   9.5350030556229026e-01
   1.0549973893219842e+00   1.0812266087847080e+00   1.0570115867645546e+00   1.0884036762985358e+00   9.7507781965702334e-01   1.0609736158852043e+00
   1.0284397069289466e+00   1.0157119952067581e+00   1.0292711147017668e+00   1.0172655285903636e+00   9.9680176757687933e-01   1.0345007910121942e+00
   9.8246220118847172e-01   9.9999141304633410e-01   9.8203225749443435e-01   9.4949006790656232e-01   1.0282056896740457e+00   1.0537272064810126e+00
   9.8863801681318353e-01   9.2525975657602577e-01   9.4621211578012154e-01   9.2552843285195718e-01   9.2498961799857882e-01   1.0106407593931259e+00
   1.0131302195551939e+00   9.8329596125753127e-01   1.0032237352760500e+00   1.0114967137252431e+00   9.8312712955702808e-01   8.7367835877761790e-01
   1.0064753818939645e+00   1.0453233470413232e+00   1.0645213392827813e+00   1.0056818821158786e+00   1.0103230959312888e+00   9.7588321234009812e-01
   1.0064358015179473e+00   9.7289513443308684e-01   1.0272667971317799e+00   9.8869476676051760e-01   9.5917308674787360e-01   9.8764253090551701e-01
   1.0028237685995187e+00   1.0086663473387081e+00   1.0250577030963786e+00   1.0285728973352304e+00   1.0851161065419193e+00   1.0374945867515408e+00
   1.0144653024840951e+00   1.0083882918638309e+00   1.0590131631039637e+00   9.8814735003583254e-01   1.1379249443488737e+00   1.0340852397937439e+00
   9.9525052985857310e-01   1.0138485353786515e+00   1.0553852559279695e+00   1.0028377686128120e+00   1.0593512852573903e+00   1.0588025830418921e+00
   1.0493496145773162e+00   1.0628350915556641e+00   1.0038794009540570e+00   9.8295547298744756e-01   1.3753544952872216e+00   1.0000033988812014e+00
   1.0227898735424865e+00   1.0308448560334638e+00   1.0489279235041218e+00   9.9999358990297937e-01   1.1283069932078476e+00   1.0555553874362782e+00
   9.8070529596931433e-01   1.0423851316728541e+00   1.0601191770565115e+00   1.0115646004883609e+00   1.0722036055884667e+00   1.0631621923485557e+00
   9.9364274110733619e-01   1.0289289026768142e+00   1.0162207695420098e+00   1.0057171664676086e+00   9.8821493483611766e-01   1.0495051244252707e+00
   9.8619523826746192e-01   1.0281758838548314e+00   9.9088086731162583e-01   9.9067594043551488e-01   1.1175318879271914e+00   1.1509440920218805e+00
   1.0143262933529951e+00   9.7488526462532132e-01   9.7739828746247348e-01   1.0232685432841331e+00   1.0198128237304962e+00   9.9343468336164020e-01
   9.9537795329028711e-01   1.0210938265598919e+00   1.0047437425225110e+00   1.0397762673191542e+00   1.1916364252384677e+00   9.5000201333512257e-01
   9.9228231391659960e-01   1.0091765747580335e+00   1.0849024517593426e+00   1.0327710693438681e+00   9.3090991773157650e-01   9.7366865825252391e-01
   9.9998168006374044e-01   9.7272509337489843e-01   1.0739107912698811e+00   1.0634809047507499e+00   1.0297011684834620e+00   9.9099687822428983e-01
   1.0295381646245525e+00   1.0046668424714238e+00   9.9391222798828804e-01   9.8009233314830513e-01   1.0327673976207650e+00   1.0000081359220334e+00
   9.9988349033805557e-01   1.0328661483644028e+00   9.7555297464163304e-01   1.0224551191862541e+00   1.0114142938226536e+00   1.0818054531786967e+00
   9.5586021179279346e-01   9.1817288316331336e-01   9.8435527462962080e-01   9.5478068128565174e-01   1.0138055862570960e+00   1.0018590980289790e+00
   9.5859734192732859e-01   9.8020895952135745e-01   9.8712349287293710e-01   9.7367377940314703e-01   1.0494914601511165e+00   9.5763594449675860e-01
   9.6842248999473846e-01   9.9999989600022199e-01   1.0474091712872771e+00   9.6757316464355303e-01   9.1852702314128754e-01   1.0177124266183910e+00
   1.0737693706049678e+00   9.8232503069406940e-01   1.0771509205467933e+00   9.8322813001563969e-01   1.1015328687673029e+00   1.0434781865367415e+00
   9.7285004541872866e-01   9.6145320228345510e-01   1.0620739607463949e+00   1.0284141246756218e+00   1.1481910246369069e+00   9.8332496236768163e-01
   9.5663853051994663e-01   9.6759563722314346e-01   9.0108017466828083e-01   9.5027074568536429e-01   7.6422638754907657e-01   9.7457557756811519e-01
   1.0155758865569930e+00   9.3856124162889121e-01   1.0299357283666188e+00   9.7292770586544797e-01   9.9999101353858943e-01   9.6010242208360741e-01
   9.6422338137128838e-01   9.8808632391923834e-01   1.0094860891591111e+00   1.0787860378056320e+00   9.4679799224347805e-01   1.0432667153574540e+00
   9.8940957122914541e-01   1.0120508100285392e+00   1.0625509881433202e+00   9.8876293912239732e-01   1.1806106856445675e+00   1.0691252707781553e+00
   1.0142862251289244e+00   1.0357050275175039e+00   9.8731793421509373e-01   9.4317040997507673e-01   9.7259487111004261e-01   1.8534551100399626e+00
   9.9471098819476145e-01   9.8274224116704145e-01   9.6880013199369230e-01   1.0000082702022941e+00   9.1544975394771055e-01   8.5580206285887161e-01
   9.8742954394311533e-01   9.6182039018332999e-01   9.6971371575748033e-01   9.9999275856745817e-01   8.9556817678852796e-01   9.0760205672717342e-01
   9.5659779396385458e-01   9.6615549674283319e-01   9.7655947983439295e-01   9.9001412345915552e-01   1.0000081308414766e+00   9.9401638780271839e-01
   9.5650784845491865e-01   9.8088631403105808e-01   9.5639718533104268e-01   9.2592280600595889e-01   8.5201784765548783e-01   8.5557689474095067e-01
   1.0691633743334246e+00   9.4156417343162058e-01   1.0283371161733998e+00   1.0266729090382609e+00   1.0132711288267278e+00   1.1418444471244973e+00
   9.7043516895165582e-01   9.5516855745922014e-01   8.9591980917466674e-01   9.8701292660431506e-01   9.1667633347246835e-01   9.1925159768394238e-01
   1.0362060393324581e+00   1.0216603122252172e+00   1.0421421183090456e+00   9.9342284309306628e-01   9.8862160279641065e-01   9.1889982034241158e-01
   1.1010969466006946e+00   1.0282554076262198e+00   1.0327738219760663e+00   9.7349765151657375e-01   1.0517367890589215e+00   1.2867781859943075e+00
   9.9261350805340065e-01   1.0487733317741184e+00   1.0539694119648262e+00   1.0164393396400817e+00   1.3551853498263826e+00   9.7142958448650418e-01
   1.0017013425163386e+00   9.6679526873115407e-01   9.8796795523687453e-01   9.9319577455372554e-01   1.1545138717433638e+00   1.0428515037132748e+00
   1.0271122957936578e+00   1.0481031980241071e+00   1.0539981042847293e+00   1.0273973906690286e+00   1.0737373916254582e+00   1.2386405826266271e+00
   9.6700126018010890e-01   1.0360628164234300e+00   9.8736155885041532e-01   9.7999748730262970e-01   9.4630441046384062e-01   9.6904197545954973e-01
   9.4880743033105019e-01   9.7469385426825705e-01   1.0334740395303812e+00   1.1972783266090095e+00   1.0460962947314227e+00   9.6449708959818059e-01
   1.0719415576682920e+00   1.1103848391871238e+00   1.0019224524969399e+00   9.7728416525815753e-01   1.0813663799405411e+00   9.1410692484148015e-01
   1.0459418037656412e+00   1.0089194660847423e+00   1.0646348393556173e+00   1.0871946847067797e+00   1.2194335151593489e+00   1.2885986471987056e+00
   1.0113200643355191e+00   9.9708119695854003e-01   9.9643473807481486e-01   9.9664184108087828e-01   1.1362236357036963e+00   9.9599169765351236e-01
   9.7921567941383358e-01   1.0117657188671916e+00   1.0261677403525706e+00   9.5108988564298891e-01   1.0576952039314047e+00   9.2631558241931788e-01
   1.0065338364295309e+00   1.1104685048997016e+00   1.0420307034732859e+00   1.0456981147503313e+00   9.2291203959978863e-01   1.0113865116049083e+00
   9.8213796161821543e-01   9.4242198485947981e-01   9.6807455885390259e-01   9.5628871061278653e-01   9.6056551092799802e-01   9.6067291698994151e-01
   9.9173962747817646e-01   1.0000120981268594e+00   1.0416520976324777e+00   1.1942749086638398e+00   9.6375662100541248e-01   8.8889682948231641e-01
   1.0037308511295648e+00   1.0977613423375137e+00   9.7081607357828958e-01   9.9043169274946641e-01   1.0350829717487218e+00   1.0460448185572875e+00
   1.0184313665393780e+00   9.8210876043967299e-01   9.1503342564331880e-01   9.2900233177530578e-01   1.0701975789335958e+00   9.8743032271345821e-01
   9.2269611965197151e-01   9.2708321823586215e-01   9.9727924072862784e-01   9.6316374722100750e-01   9.2875678251744065e-01   9.3076770732951375e-01
   1.0267316675780369e+00   1.0758418856686403e+00   1.0603769415184130e+00   1.0546459083331796e+00   1.2268190245266533e+00   1.0620677331325317e+00
   9.8264660001722770e-01   9.3210346099120001e-01   9.5195697879851260e-01   1.0155436066009402e+00   9.3440074014610885e-01   9.7403439778067291e-01
   1.0370939584319554e+00   9.9721258371657251e-01   1.0411080624204947e+00   1.1530518071626190e+00   1.0042580311069347e+00   9.3332871274701712e-01
   1.0105615172429983e+00   1.0450510608031729e+00   9.1561685978682994e-01   9.5131456789595703e-01   1.0148406150638372e+00   1.0928490795551908e+00
   1.0220986416769560e+00   1.0298973486042002e+00   1.0313696591534094e+00   1.0062096368392957e+00   9.9581711839687781e-01   9.3463489041028081e-01
   9.6504282646458872e-01   1.0000075707876557e+00   9.6500509081434160e-01   1.0560598447777156e+00   8.9937043861215671e-01   1.0154421773457882e+00
   1.0275859178148306e+00   1.0923527262361787e+00   1.0187697557843940e+00   1.0575371137893512e+00   9.8043175188635423e-01   1.0138999701152738e+00
   1.0671192373045284e+00   9.9999937415578355e-01   1.0543172725264940e+00   9.5815935156399301e-01   1.0333238842617429e+00   1.0068519427711351e+00
   1.0283052302034121e+00   9.8309070211527372e-01   1.0018405855580161e+00   1.0916949058180665e+00   9.5851498991309547e-01   9.5918646949667097e-01
   9.6330069554773867e-01   9.1399477157609188e-01   9.6876308528733135e-01   9.0400199784872548e-01   1.1154004942642368e+00   9.4326502969141524e-01
   9.9843275900486594e-01   8.9118249809375816e-01   9.9335576584993068e-01   9.6460333063290438e-01   8.9655007942843745e-01   1.0150552413604763e+00
   1.0337074375393884e+00   1.0487809147967977e+00   1.0839736786358773e+00   1.0025344827272442e+00   1.0240286820071121e+00   1.0241794783315938e+00
   1.0186337749116567e+00   9.8838077987180872e-01   1.0380297673152037e+00   1.0462784354889332e+00   1.0846788278648305e+00   1.1678927130523307e+00
   9.6951873984882286e-01   9.9705631349388324e-01   1.0034082667928925e+00   9.6459422030396202e-01   9.6651755740763901e-01   1.0874957621682417e+00
   1.0471665538874289e+00   1.0324415386660308e+00   9.6087438511496781e-01   1.0366974280802488e+00   1.1270218723056549e+00   9.7125183496759371e-01
   9.3544240125074274e-01   1.0000045583689978e+00   9.5397327902037954e-01   1.1238794866753394e+00   9.6516561829116387e-01   1.2340857180452982e+00
   1.0300504117512483e+00   1.0200268493576272e+00   1.0074296753067964e+00   9.6850633185381985e-01   8.9595383860589817e-01   9.0804712350271144e-01
   9.9057185681942772e-01   1.0538353931151421e+00   9.7973150964678513e-01   9.8623201550703155e-01   8.3886706088139740e-01   1.0201539966797366e+00
   9.5237693070455343e-01   9.2472397770816717e-01   1.0029373141464426e+00   1.0333250731063497e+00   9.2936126892073778e-01   9.2500481579243310e-01
   9.6666799342759469e-01   9.1569438923877389e-01   1.0225474949521247e+00   9.6371074817762237e-01   9.7742723950970412e-01   1.0135129634381830e+00
   1.0586393771023963e+00   1.0603307619900166e+00   1.0680027032881139e+00   1.0878655729908959e+00   1.1246142982450977e+00   9.3333901215076798e-01
   9.5764835602171405e-01   1.0778443430677369e+00   1.0258215726308757e+00   1.0730732570334445e+00   1.0221568405813162e+00   1.1142838168015161e+00
   1.0486376866140956e+00   1.0051756753668415e+00   1.0771748389258178e+00   9.7491725660128226e-01   1.0731670014090688e+00   9.7435492401832202e-01
   9.9182414953533837e-01   9.9442498902552445e-01   9.4393297188835412e-01   1.0388413029054606e+00   9.9494271788109223e-01   1.0407725262149243e+00
   1.0544627467164580e+00   1.0112322432957137e+00   1.1316680868202580e+00   1.2250028216419508e+00   9.8629851480902486e-01   1.0382239274971512e+00
   9.5306354667518767e-01   1.0194294945813338e+00   9.5759554898951260e-01   1.0495565394643926e+00   1.0025857268275475e+00   1.1165425310119073e+00
   1.0558276270486813e+00   9.8637768740874965e-01   9.7557656156679406e-01   1.1166697757038171e+00   1.0694154959329345e+00   9.8352558649679322e-01
   1.0031241160599571e+00   1.0220908403261844e+00   9.4836318588810731e-01   8.9552099028405241e-01   8.3173299455827432e-01   9.5530806014624348e-01
   9.6216304551577225e-01   1.0162053384819678e+00   1.0412662075799117e+00   1.1075832801392460e+00   9.5954144688099152e-01   9.8245556892972719e-01
   1.0422859792653196e+00   9.8924704168040589e-01   1.0044133998074731e+00   1.0530318477503375e+00   9.7167985079090036e-01   1.0133956921075771e+00
   1.0234053521043331e+00   1.0027205574419489e+00   9.9682045029899424e-01   9.9040440681231412e-01   1.0372474993758432e+00   1.0769251668276958e+00
   1.0365726169717435e+00   1.0352450530575685e+00   1.0444502151389294e+00   1.0944137359333834e+00   1.1018001693016279e+00   9.8350753762799092e-01
   1.0191239026433876e+00   1.0706949971978381e+00   9.8176347238038719e-01   1.0221366562119882e+00   1.1304481012657783e+00   1.0167622530610478e+00
   1.0119610352499200e+00   9.6333256030824299e-01   9.6595543520127836e-01   9.6754249529897385e-01   9.4469927407780652e-01   9.7801342091393717e-01
   1.0187138002991600e+00   1.1104296424596201e+00   1.0128976819602979e+00   1.0531778123814095e+00   1.2230250466133725e+00   1.0742187136956192e+00
   1.0056483690276639e+00   1.0623606728298303e+00   9.8725934871298404e-01   1.0726485839996260e+00   8.8541801062759329e-01   1.0841975010710077e+00
   9.3539968280849584e-01   9.5217600714594142e-01   9.4516720219421357e-01   9.5619158071525578e-01   9.3882584317243789e-01   9.0775793106751257e-01
   9.4592792840424567e-01   9.3606591936090100e-01   1.0153593401791188e+00   9.4999382365159746e-01   9.7061819905349056e-01   9.5720993128368737e-01
   1.0412652905325657e+00   9.9024981767096598e-01   9.8151715172723908e-01   9.4076946166037478e-01   1.0106344418400228e+00   9.5530161107580214e-01
   1.0209018512901682e+00   1.0339772653856831e+00   9.7602919538454402e-01   1.1016356194220094e+00   9.4209803333586450e-01   9.8830702269510606e-01
   9.8795112199409574e-01   9.3267887538968741e-01   1.0084323303955598e+00   8.4892693548395637e-01   8.2122301854806901e-01   8.9449018630326038e-01
   1.0091421163563887e+00   9.7938084226700295e-01   9.7032279326758020e-01   1.0426016645296032e+00   9.4468897485203318e-01   1.0133320726638972e+00
   1.0543675010078268e+00   1.0342126415482151e+00   1.0197725439574459e+00   1.1346146343709080e+00   9.4584897466253759e-01   9.5395323393988563e-01
   9.8136782612420292e-01   9.3638738797303600e-01   1.0176304507890790e+00   9.8305195283471236e-01   9.3891898115392292e-01   9.9999515424032204e-01
   9.7517278542360519e-01   1.0407548087140681e+00   1.0259952895465023e+00   1.0086176217769836e+00   1.0650238257214464e+00   1.0344717478867695e+00
   1.0593038182223380e+00   9.8170960285769837e-01   1.0743331518708790e+00   1.0409743937094689e+00   9.6946186284712321e-01   1.0933360544551278e+00
   9.5720543258778923e-01   1.0107418564347870e+00   9.5431848430246247e-01   9.9586753366005665e-01   9.4397120710585247e-01   9.0975509904889096e-01
   9.6124557499588081e-01   9.3086116295681409e-01   9.8015070144202687e-01   9.7510193700046477e-01   9.3305470293174020e-01   9.7973012544869231e-01
   9.5194359280375351e-01   9.6286034088356276e-01   9.9157444137573347e-01   9.2126673287461258e-01   8.9684338942878195e-01   9.5171690978497125e-01
   9.6254472909419642e-01   1.0207701284156041e+00   1.0136102698136542e+00   1.0438722561187341e+00   9.3999972539627930e-01   1.0000108334652975e+00
   9.3738899304924206e-01   9.6512022101026806e-01   9.8155462291292761e-01   9.8229687934816012e-01   9.1724608575363797e-01   9.2755305151951672e-01
   9.6389633393987217e-01   1.0301205711084520e+00   1.0256372515190650e+00   1.0090088281729692e+00   1.0357220991958094e+00   1.0703117825961146e+00
   9.9673068974643031e-01   9.6462463347379146e-01   1.0500089837757602e+00   1.0476437945831727e+00   1.0919624541523749e+00   1.1386832276724994e+00
   1.0113994358970815e+00   9.8771931627123510e-01   9.5871396558915778e-01   1.0128801112146140e+00   8.8800078924412207e-01   1.0208020916163718e+00
   9.3984738131209722e-01   1.0186347531857505e+00   1.0531618214297156e+00   9.9576120201750373e-01   1.0654757923465945e+00   9.6202551390795377e-01
   1.0040129024293463e+00   9.8169966972687805e-01   9.1642164763152734e-01   1.0085092813011185e+00   9.4414074301015027e-01   1.1842079960026839e+00
   1.0199157941071078e+00   1.0186264534839582e+00   1.0464861345302114e+00   1.0590706372812300e+00   1.1834197494457264e+00   1.0222296572428116e+00
   9.7353381710731379e-01   1.0000143285473673e+00   1.0263373056869500e+00   1.0995934274161305e+00   9.4497882774668651e-01   9.6195628853859849e-01
   9.7559929613806839e-01   1.0243183357166015e+00   9.8557261816070352e-01   1.0059375274298643e+00   9.0477761754565567e-01   1.0372829839983004e+00
   9.8751451529966683e-01   9.6386212065352650e-01   9.7440824016252114e-01   9.4201225809631173e-01   9.4017921398156501e-01   1.0065745754229247e+00
   9.8313470899038380e-01   9.3750667841952906e-01   1.0218514649656603e+00   9.6923231355781891e-01   8.9374798076504458e-01   9.4117166941677410e-01
   1.0514994993493658e+00   9.3665538431149398e-01   1.0838658782536092e+00   1.0039744957887846e+00   1.0489457105366513e+00   1.0000055088196911e+00
   9.3878365998180446e-01   1.0569433205430099e+00   9.9391308879853835e-01   1.0434636851679084e+00   1.0466513595001909e+00   9.9305082572134251e-01
   9.2696069146728277e-01   1.0303040926675850e+00   9.9083461665154460e-01   9.3939087358115281e-01   8.7260083159291768e-01   9.3007644574079062e-01
   9.5238485804066975e-01   9.9312302182763712e-01   1.0323556965001561e+00   9.6774174450683703e-01   9.9269982888464880e-01   1.0376007576890240e+00
   1.1150052191966418e+00   1.1066770296412933e+00   9.5680814622252608e-01   1.1073815479796316e+00   1.0130159190366437e+00   1.2632581866110670e+00
   9.7309335451350554e-01   9.7590492115884597e-01   9.7495693403597183e-01   1.0037906499784388e+00   1.0292158125938256e+00   9.7109146069615260e-01
   1.0091963995055802e+00   1.0617248846579093e+00   9.9198306077389653e-01   9.9622618424983023e-01   9.7162562129929819e-01   1.0238221789864348e+00
   9.4062755518193941e-01   9.9129075785397947e-01   1.0016299324246531e+00   9.3939367275127950e-01   8.7592199029135487e-01   9.8836430758521954e-01
   9.8059290640572649e-01   9.0907966258850881e-01   9.2729795635197232e-01   8.7096960804453150e-01   9.0000202273556607e-01   8.1175480607634942e-01
   1.0211920018247225e+00   1.0032126487651143e+00   9.6167175199529220e-01   9.8148023522847083e-01   9.0740289679934849e-01   1.0000017110583530e+00
   9.5566492524053459e-01   8.8589728988605487e-01   8.8044396618609100e-01   8.3650712387782888e-01   8.2652704647062047e-01   8.7825340578912880e-01
   1.0927998275900543e+00   1.0147031855182416e+00   1.0846820297437907e+00   1.1079601327724504e+00   1.4375179823854394e+00   1.1583259590485091e+00
   1.0330342791546367e+00   9.9277049689342312e-01   1.0209577161395182e+00   9.8462028975114668e-01   9.3913071051267982e-01   8.7768409626863364e-01
   9.3150156490218761e-01   9.9270281131062643e-01   9.0300162960444752e-01   9.2708458633812763e-01   8.0555851536671885e-01   8.8524826462521500e-01
   1.1274366875146919e+00   1.0992675261609399e+00   1.1012511416586512e+00   1.1011285958502384e+00   1.1034519583597846e+00   1.1111251786163239e+00
   1.0183105379236705e+00   9.7993344388270109e-01   9.2870350466287144e-01   1.0612160497139245e+00   1.0416794285364224e+00   1.0166625839218515e+00
   1.0346301904255653e+00   9.6914748350941182e-01   9.6766525807971782e-01   9.3986646192675383e-01   9.5999986241118662e-01   9.2622209047307391e-01
   1.0083691800690697e+00   1.0607157870270352e+00   1.0771829480482635e+00   1.1649284064172916e+00   1.1982998399967433e+00   1.1444635423048846e+00
   9.9999127670325927e-01   1.0370478460470214e+00   1.0388998207523763e+00   9.5574782119130541e-01   1.1140393513881293e+00   1.0156257515899552e+00
   1.0249073465835119e+00   9.9674962823902957e-01   9.8126669124028199e-01   1.0648152267897102e+00   1.1181119624369098e+00   1.1692264066250131e+00
   1.0607332154775133e+00   1.0097819527152341e+00   1.0477295916706981e+00   9.5652556293472901e-01   9.7887027473128796e-01   9.2763341711466429e-01
   1.0083931943752487e+00   9.8064003249964837e-01   9.6903993487861173e-01   9.9998637560136028e-01   9.4964793060389174e-01   9.0424191969465340e-01
   9.9998393367045268e-01   1.0494814196778548e+00   1.0338401692684411e+00   1.0758909761465087e+00   9.9241323576807805e-01   9.8822784277104903e-01
   1.0153457909942569e+00   9.6506533712986986e-01   9.9919932752349716e-01   1.0000042277950749e+00   9.3869956622111816e-01   9.1352205596456371e-01
   1.0452784159406112e+00   1.1414510766847046e+00   1.0898990635659183e+00   1.0638235410997525e+00   1.2131246677609027e+00   9.7368199884060780e-01
   9.9278178155738817e-01   1.0143970591927780e+00   9.7811208639769753e-01   1.0559882221484800e+00   1.0540723257356939e+00   1.0000016281364510e+00
   9.5999471310102258e-01   1.0426200543998227e+00   1.0258152443015061e+00   1.0303070732178192e+00   1.0705141653717443e+00   1.0990903115725568e+00
   1.0227126751371716e+00   1.0109035685510228e+00   1.0301898319481966e+00   1.0073568122715932e+00   1.1077864746992765e+00   9.5902004285252729e-01
   1.0381351696813170e+00   1.0781736043953993e+00   1.0048842945898853e+00   1.0364883870186075e+00   1.0216132424198838e+00   1.1538345270783905e+00
   1.0360967568751982e+00   9.8991624081357787e-01   9.5622656891187741e-01   9.8431551594928368e-01   1.0425345975732727e+00   9.9999180513917840e-01
   1.0418078799632489e+00   9.9235805813135292e-01   1.0408268348058687e+00   9.8560226334783840e-01   1.0510045527083409e+00   9.1245293320316845e-01
   9.8327209881357625e-01   1.0385732558655694e+00   1.0343183682771659e+00   1.0839393142619056e+00   1.0922476194220607e+00   1.0737544739179432e+00
   1.0000048163619952e+00   1.0247543910496901e+00   1.0031631743701526e+00   1.0101061594610869e+00   1.0000238939189501e+00   9.4656558405248736e-01
   1.0578281655531891e+00   9.9275883187145553e-01   1.0141713711449054e+00   1.0200081793273474e+00   1.0177685598014501e+00   9.8386786716819941e-01
   9.6516217483726885e-01   1.0413504182615401e+00   1.0155319927947679e+00   9.9673115301986481e-01   9.9563706025955701e-01   1.0245845650000001e+00
   9.8317042092257545e-01   1.0655602156642769e+00   9.8471398982042513e-01   9.1647646839512009e-01   9.8244477912102768e-01   1.1520029136320145e+00
   9.6917136147556504e-01   9.9557546485216974e-01   1.0155654592361172e+00   9.8561950404937460e-01   1.0718565912287397e+00   9.1086415102037432e-01
   1.0424091498485129e+00   1.0311114821998790e+00   9.9999832653199316e-01   1.0146049416813065e+00   9.4141884886947702e-01   8.9999816960442347e-01
   9.7627928144378384e-01   9.9569473536532727e-01   9.3405292903850379e-01   1.0791257287107352e+00   1.0222076072878741e+00   9.7435640245876476e-01
   9.7222573204568830e-01   1.0043362827002660e+00   1.0098511987250500e+00   9.9666167559219165e-01   9.6521617633425882e-01   9.7367566891558688e-01
   9.8571343109322340e-01   8.7931213516239126e-01   9.8210563002110596e-01   9.2308525139021658e-01   8.7836199502480727e-01   1.0090105798504290e+00
   9.9326351150100345e-01   9.9995120803541060e-01   1.0314526619964275e+00   1.0202433009792686e+00   1.0564080451122764e+00   9.9107763629992895e-01
   9.7785860988285189e-01   1.1386110863407133e+00   1.0706047629275319e+00   1.1000188712979142e+00   1.1222814573508695e+00   9.6566002219666924e-01
   9.9999478524872998e-01   1.0260888812178550e+00   1.0420979079448416e+00   9.7403186863998603e-01   9.6087466615458816e-01   1.0471674382851748e+00
   9.5094181343033080e-01   9.8093271875660815e-01   9.7116321951168483e-01   9.6666532793442417e-01   9.4118173317582310e-01   9.9999809910000004e-01
   1.0039673354620551e+00   9.5462650405171467e-01   1.0311955540599353e+00   1.0241293959603086e+00   1.0240404839287787e+00   8.5585578344648106e-01
   9.9208727465707514e-01   9.4795568042714029e-01   9.8413325740577151e-01   1.0370521754952946e+00   1.0000041653075233e+00   1.0105311865099182e+00
   1.0371920676926205e+00   9.8807193222454237e-01   1.0146485778418073e+00   9.8051869500088606e-01   9.2958980490323584e-01   9.8957096783826592e-01
   9.4551134360158073e-01   9.8779775084290045e-01   9.7834585321966183e-01   1.0120661954494898e+00   9.0504876948550850e-01   8.4210515310555512e-01
   1.0946550702357543e+00   1.0962908368680249e+00   1.0986026704746288e+00   1.0098626337444558e+00   1.2134875290625391e+00   9.9019490829960866e-01
   1.0000084281878510e+00   1.0292799026016559e+00   1.0702544901572928e+00   1.1368155987051181e+00   1.0555527432233007e+00   1.2179342104031126e+00
   1.0676597389984690e+00   9.9781982034731487e-01   9.7980927323001155e-01   1.0171886800079393e+00   1.0263129538352223e+00   1.1473707101263579e+00
   9.8944036462940166e-01   1.0197388924125432e+00   1.0180233902632487e+00   1.1098697609838193e+00   1.1324763751231153e+00   1.0183452709491407e+00
   9.6087226777861889e-01   1.0042985161568068e+00   1.0645648102077601e+00   9.7206823935570785e-01   1.1018990144708467e+00   9.5495756293490708e-01
   1.0086436461556723e+00   1.0131551472954841e+00   1.0273596374994090e+00   1.0276840077602432e+00   9.4177990182286919e-01   1.0471632954098198e+00
   9.7397730911406344e-01   1.0063878163518460e+00   1.0094236019414793e+00   1.0076312511963079e+00   1.0519022958842719e+00   1.0360339980332407e+00
   9.8473267942815146e-01   1.0233089355622054e+00   1.0000031820906508e+00   1.0101396570827927e+00   1.0451388386724403e+00   1.0101669137620921e+00
   9.5737218082619979e-01   1.0020672411421907e+00   1.0816269931048452e+00   1.0827208371070378e+00   1.0365443518940900e+00   9.8260864300732631e-01
   1.0121420754228525e+00   1.0371902725914759e+00   1.0201953638339025e+00   1.0810336738616044e+00   1.1346085663156986e+00   9.3805189104606024e-01
   9.6799833854936224e-01   1.0159329959259236e+00   9.9688616258370655e-01   1.0706368298598621e+00   9.3503646691615805e-01   9.9056813249617415e-01
   1.0221566625810383e+00   1.0317933091802098e+00   1.0020892201756029e+00   9.0323025093098908e-01   9.7885792465754906e-01   1.0095204674818219e+00
   1.0860528836746983e+00   1.0344858255183014e+00   1.0605784080190546e+00   1.0377757135518821e+00   1.0555440700609391e+00   9.8113077041707786e-01
   9.5093659254654050e-01   1.0240693199452031e+00   9.8128536274180866e-01   9.8929213787863002e-01   9.3324589678279979e-01   9.9038027301934661e-01
   1.0317323391274607e+00   9.8372536881597106e-01   1.0522197689247059e+00   1.0151507750808673e+00   9.7484940972245127e-01   9.8217764658152196e-01
   9.7691374565014433e-01   9.7428052191384185e-01   1.0267031589345363e+00   9.4456647123040394e-01   9.2902744642402624e-01   1.0200000146882600e+00
   9.9606280754046783e-01   9.6980841446266419e-01   1.0213689416155742e+00   1.0293506675404038e+00   1.0069400315212664e+00   9.7059079627723754e-01
   9.8941397316450985e-01   1.0080929896562323e+00   1.0291352748184575e+00   1.0263224687829873e+00   1.0206874216617077e+00   9.6969838039479572e-01
   1.1619503108103308e+00   1.0564192830824162e+00   9.4518074538385277e-01   1.0378201928246464e+00   1.0066515025277247e+00   1.0416706548666159e+00
   9.7560689043697568e-01   1.0018418894611771e+00   9.5980054294295092e-01   9.8759475746116154e-01   9.6949653039655481e-01   9.9001084412478768e-01
   1.0000083823660109e+00   9.7241553313989826e-01   1.0126995171018327e+00   9.6861307627493742e-01   9.3705661862589584e-01   9.8182147574285361e-01
   1.0571230013249551e+00   9.9054663376329977e-01   1.0665483244579195e+00   1.0885665217750964e+00   1.0447943733500278e+00   9.5833559692266557e-01
   9.6282916359912485e-01   9.8855643196467402e-01   9.6022092978830287e-01   9.8015886938145369e-01   9.3927863146067869e-01   1.0217366166999999e+00
   1.0607695883512509e+00   1.0096639719379636e+00   1.0602746589800112e+00   1.0769164859590810e+00   1.0608421426736581e+00   9.7873018642454723e-01
   1.0133804317759643e+00   1.0540406147614048e+00   9.8489745233246839e-01   1.0125687691994425e+00   1.0824242533229094e+00   1.0652056919643225e+00
   1.0066039009279260e+00   9.8720693868837184e-01   1.0107321061586696e+00   9.6088062779342653e-01   9.8766790874200250e-01   1.0612098288335818e+00
   9.8688633828738470e-01   9.8519457885995543e-01   1.0681006618924709e+00   1.0096732628788436e+00   9.6295198554740158e-01   1.1079075844685649e+00
   1.0033198082383672e+00   9.9059021822007898e-01   1.0058698269584743e+00   1.0460675130444665e+00   9.7202367907246978e-01   1.0175516949554546e+00
   1.0695132458723651e+00   1.0322481159189780e+00   9.6996505958960544e-01   9.7613964534611641e-01   9.4244996562862915e-01   1.0862003525583264e+00
   1.0321854267911992e+00   9.4300372713083436e-01   9.8022217080335716e-01   9.8684280883850972e-01   8.7021210219177803e-01   1.0114404162319905e+00
   8.9998985459586289e-01   1.0048293017074577e+00   9.8771201430456645e-01   9.9367576036581717e-01   9.6491683928134087e-01   1.0000063329652444e+00
   1.0235504022385093e+00   9.9804843735087556e-01   9.9841371970546089e-01   9.2884617132352598e-01   1.0199032892920525e+00   9.5763510970357735e-01
   1.0032873609564361e+00   9.8040794591526159e-01   1.0187211659026445e+00   9.1097608422566090e-01   9.7758002784444697e-01   1.1061975877281602e+00
   1.0196737406073015e+00   9.6800774374187637e-01   9.8688134714190034e-01   9.9772011621711143e-01   9.9541196060433668e-01   9.6113738422703521e-01
   1.0193039494887866e+00   1.0185891330108865e+00   9.9734721454594732e-01   9.1116212122068163e-01   9.1244134037436686e-01   9.6637410584629901e-01
   9.9999847105190076e-01   9.5333315048955147e-01   9.4932280580435613e-01   8.7750759612387130e-01   9.6972026037658687e-01   9.0434638416467916e-01
   9.2505861015271318e-01   1.0134378897849343e+00   9.7378400376013674e-01   1.0246871049782162e+00   9.9626102584152387e-01   1.0192419605767702e+00
   9.9310524768830633e-01   1.0148451658695772e+00   1.0453698935407372e+00   9.8323441722087512e-01   9.7367227370302023e-01   9.5283498268513833e-01
   1.0138940429445185e+00   9.6659803896741914e-01   9.9816415371853384e-01   9.3182267630428439e-01   9.7836892599005476e-01   1.0494887072496024e+00
   9.5547946438589693e-01   9.6761160036822702e-01   9.8799516119561648e-01   1.0259142629707927e+00   9.7789422592469422e-01   9.2452087637143210e-01
   9.4982111651177026e-01   9.6203741308740220e-01   1.0280506710827773e+00   1.0906445051585010e+00   1.1016972004464567e+00   1.0842704324921542e+00
   1.0452838919516445e+00   1.0951239294588229e+00   1.0482000662258628e+00   1.0926485456918700e+00   1.0461695768081023e+00   1.0380910401969636e+00
   9.4022511829927802e-01   1.0262766718899672e+00   9.5664138865937687e-01   1.0872620190802198e+00   1.0089786525056992e+00   1.0458693696520449e+00
   8.9105158115286631e-01   1.0458313128374688e+00   9.5195689075692391e-01   9.5839975621297535e-01   9.1088414397040518e-01   9.2982068444956500e-01
   1.0480306727897482e+00   1.0916369705610216e+00   1.0415607113367913e+00   1.0288414340788197e+00   1.1141208324077461e+00   1.0188666213308695e+00
   1.0624968793010279e+00   1.0656933329613352e+00   9.7613944834504229e-01   1.0654353835816193e+00   1.0878177824389368e+00   1.0555601699673340e+00
   1.0745070158390027e+00   1.0804729693021373e+00   9.4267297916844528e-01   1.0614107524655318e+00   1.0941803348578600e+00   1.0194835239355275e+00
   8.8320895402597244e-01   1.0206065126775710e+00   1.0438763643310065e+00   1.0330399105248578e+00   9.9181579501166250e-01   1.0000105364308405e+00
   1.0391135472304336e+00   1.0403713998574378e+00   1.0067030198719460e+00   1.0079951652510419e+00   9.2562246811565008e-01   9.6520398424341625e-01
   9.9194144094952630e-01   9.7467988221676649e-01   9.4307973136500078e-01   9.2037188050436769e-01   9.3751627126596526e-01   1.0991007515731603e+00
   8.5771682815210593e-01   1.0215792705159854e+00   9.2605282139498579e-01   8.3116548028636050e-01   9.1113270655583334e-01   8.6065697336147595e-01
   1.0663398307297525e+00   1.0467599408837109e+00   9.9014144262112536e-01   9.9479024335432487e-01   9.6842218311020978e-01   9.5237446794883862e-01
   1.0444445336818238e+00   1.1325803051281955e+00   1.0254092308526295e+00   1.0890093452356031e+00   1.0326021417659079e+00   1.1541006524435422e+00
   9.7872574283679392e-01   9.0584414724264717e-01   9.1378636617321884e-01   9.8076748390913626e-01   1.0263059694647418e+00   1.1403521545357806e+00
   1.0434782332756085e+00   9.4382682575589139e-01   1.0377362645179911e+00   1.0049101974314665e+00   9.9485900045055775e-01   9.9845236218207001e-01
   9.4034739874034645e-01   9.5929608954630952e-01   8.7725903743447264e-01   9.0703234980875702e-01   9.6907795208290515e-01   9.4915463364070729e-01
   1.0045101901618150e+00   1.1187516434908058e+00   1.0629237542819105e+00   9.3783681377938843e-01   1.0797776627801372e+00   1.1250039243487862e+00
   1.0762457652025081e+00   9.8602889177284836e-01   1.0745617788807744e+00   1.0028789351703407e+00   1.1261114802423948e+00   1.0555611063726262e+00
   9.5416508771382103e-01   9.6033751828785041e-01   1.0227636884603268e+00   9.8706111129222840e-01   9.2951076757796958e-01   9.8691269870657161e-01
   9.6070432079087997e-01   9.1002446949477367e-01   9.3437559116702218e-01   9.8690233597376464e-01   9.9050948146296158e-01   1.0307761425177466e+00
   9.8635841549098902e-01   9.6110335819365633e-01   9.9047991002242575e-01   9.4396150424898129e-01   9.8566924141976286e-01   9.1044115674122161e-01
   1.0318414829867644e+00   1.0769756429997082e+00   1.0432677361302427e+00   9.4999306745194867e-01   9.9514492675897281e-01   9.4262521682913714e-01
   9.0909263412437424e-01   9.3218102513353240e-01   9.9076434751260334e-01   9.8314246365547653e-01   8.7316547629079400e-01   1.0260875352091323e+00
   1.0949937981144218e+00   1.0253681658993516e+00   1.0665930762753311e+00   9.3603193515226379e-01   1.1101922003073099e+00   1.0593215736977912e+00
   9.2238298948353425e-01   1.0000042132876394e+00   9.4310612637825231e-01   1.0107987324222012e+00   9.6954934538263104e-01   9.6001118655621076e-01
   9.5543843111777660e-01   9.8844068689930953e-01   9.1878632905769464e-01   9.3949889789931118e-01   8.1677195596220142e-01   9.8474356189235712e-01
   1.0414529464572995e+00   1.0651113938726169e+00   9.6591601773462010e-01   9.8485043436900011e-01   1.0320681815430806e+00   1.1281969185435805e+00
   1.0099426835639977e+00   9.3887732708525440e-01   9.0848747783707340e-01   6.7307721815797494e-01   9.6272259833270213e-01   9.2425052315451595e-01
   9.7989808157802671e-01   9.6909197844818196e-01   9.4245050391669549e-01   9.5891518151276989e-01   1.0580564824832555e+00   1.0245849216408172e+00
   9.3845388436112953e-01   9.3403390654079554e-01   9.5302781228194544e-01   8.5541465770529312e-01   9.6072545242543550e-01   9.0400506726223973e-01
   9.6721640794503827e-01   8.6245420494759184e-01   9.5168989394711423e-01   8.8733104310416999e-01   9.5513247730847084e-01   8.6725242167429584e-01
   9.4350156548530839e-01   8.7930980647789481e-01   8.8663968593949816e-01   9.0475295028887281e-01   1.0201347869973545e+00   1.0020402306308014e+00
   1.0898054937143071e+00   1.2647141887793285e+00   1.1202326975114567e+00   1.5438398852392270e+00   1.0723604242938318e+00   1.2164769325368732e+00
   1.0659402718541258e+00   1.0949798509077364e+00   1.0068158574120343e+00   9.0909305135324991e-01   1.0184072434036473e+00   1.0328338449104906e+00
   9.1955330694622694e-01   9.1265586371372787e-01   9.9662206130347053e-01   1.0137316288065723e+00   1.1325259352375345e+00   9.7436372280710282e-01
   9.4826692619783381e-01   1.0646004096856365e+00   9.3569789375056123e-01   9.4999919618212925e-01   9.8323952719871621e-01   1.0315818716494556e+00
   1.0302920452467290e+00   9.1544193624497328e-01   9.0257829292485492e-01   9.8025848340342703e-01   9.6721541456313465e-01   9.5917766366868329e-01
   9.6470214899315865e-01   1.0100306270495438e+00   1.0000074384016988e+00   1.0603937313733975e+00   1.1130059721068690e+00   9.8608688946795109e-01
   1.1890264745279717e+00   1.0178886876602584e+00   1.0957205422940035e+00   1.0632926809192382e+00   1.0101536884400317e+00   1.0382423651980086e+00
   1.0000072429762779e+00   1.0585923760815914e+00   9.6840268395924822e-01   1.1726109591528371e+00   9.8994966967345088e-01   1.0526217527375563e+00
   1.0404314367584386e+00   1.0018439554270899e+00   1.2053633607269365e+00   1.1472259545932086e+00   1.0862848355947354e+00   1.0700027361154536e+00
   1.0552714135009291e+00   1.0927413438717513e+00   1.0971314332273057e+00   1.0543638289251702e+00   1.0607585572589935e+00   1.1869187602542610e+00
   1.0047499225125991e+00   1.0136005619422339e+00   1.0731651892831293e+00   1.1355990734710359e+00   1.1345186942096270e+00   9.4488574900960098e-01
   9.0995947642702324e-01   9.8993159953076038e-01   9.7417191270047698e-01   9.3656927381769695e-01   9.4863445473257491e-01   9.0939601514841106e-01
   1.0052036116174992e+00   9.9831446395029622e-01   1.0027997874856851e+00   9.8804121752289786e-01   1.1041536300764636e+00   1.0277784925179565e+00
   9.7409805470067390e-01   1.0899849630136760e+00   1.1390787230878268e+00   1.1088731538310808e+00   1.0867790219102185e+00   1.0720786511755831e+00
   1.0316931706326344e+00   9.6571977340108517e-01   1.0219823098423664e+00   1.0618031324795982e+00   9.8958859157566292e-01   1.0336032294493485e+00
   1.0052699857931278e+00   1.0208236324079063e+00   1.0011971015794030e+00   1.0347610534905600e+00   9.9299638001873625e-01   1.0243988524247540e+00
   1.0889964646105681e+00   1.0509730977982188e+00   9.8931366311609581e-01   9.1333171204655206e-01   1.0472153548453922e+00   9.2063794899348639e-01
   1.0096204134598152e+00   9.5454259460558688e-01   9.6852526626304769e-01   9.7810559915304640e-01   9.7959569772980404e-01   9.2241520669315724e-01
   1.0000039418105999e+00   1.0507771593233295e+00   1.0312459122382860e+00   9.8134191800102677e-01   1.0277684981722948e+00   1.1428505014906800e+00
   1.0476187117697684e+00   9.3353564524811272e-01   9.7089807437225495e-01   8.8212621228678134e-01   1.1824335112435271e+00   9.5041524989525417e-01
   9.4546053665818386e-01   9.5955320535086874e-01   9.5629743539883649e-01   9.3965124222335095e-01   9.7142694832150989e-01   9.6520758487633929e-01
   9.4606951246849502e-01   1.0032555194277506e+00   9.6082606837365769e-01   8.7216823759068263e-01   9.0882035501537417e-01   9.6396603369533862e-01
   1.0051826398396277e+00   1.0000014345387362e+00   1.0071063898061139e+00   1.1382945994772156e+00   1.1197357273528918e+00   9.8131423815530472e-01
   9.6905815052610267e-01   9.7287085219358660e-01   9.4850819566669498e-01   8.7849882064502827e-01   9.2559333248541509e-01   1.0285705902649624e+00
   1.0053187441714693e+00   9.9303229816567928e-01   1.0714231674911314e+00   1.0266071016514604e+00   1.0754767688720326e+00   1.0046275927234170e+00
   9.9470671738468497e-01   9.6665165758578764e-01   1.0586639616709741e+00   1.0880878447898872e+00   1.0116835785473572e+00   9.6917773203474844e-01
   1.0372289832641992e+00   1.0453558626016224e+00   1.0151287981735673e+00   1.0095183596147081e+00   9.1328418104854159e-01   1.0096243988964420e+00
   9.6377039165338885e-01   9.3055171172571260e-01   1.0210947638399737e+00   8.9716632977200006e-01   1.0822766489842850e+00   9.5238308254444037e-01
   9.9456183790286612e-01   9.9441261499270761e-01   1.0340207683551110e+00   1.0425704321957558e+00   9.7661101801052275e-01   9.7000761673292712e-01
   1.0327909882609223e+00   1.0246301582478914e+00   9.6928354755652113e-01   9.0816124200721726e-01   9.6488729795153461e-01   9.6907751645033979e-01
   9.7354875326119694e-01   1.0036999124323955e+00   1.0281151238817645e+00   9.3259215516732930e-01   1.0375056965578693e+00   9.9120834960904758e-01
   1.1032630060573736e+00   1.1307432686391412e+00   1.0475499210485799e+00   1.1807119241305579e+00   1.1024146938008930e+00   1.0978290831589723e+00
   1.0295590472670999e+00   1.0260761752741361e+00   1.0442632971575778e+00   1.1428573446013390e+00   1.1841313895735592e+00   1.0198075821007140e+00
   1.0042534992954493e+00   1.1333277548101712e+00   9.8588755962211450e-01   1.0089265731280368e+00   9.5938636547822842e-01   1.0194223108468610e+00
   1.0048593443107794e+00   9.8813227871635789e-01   9.6473733318276433e-01   1.1566277068163078e+00   1.0581864451668779e+00   1.0381059927184915e+00
   9.5170764783135020e-01   9.8285299787306357e-01   9.7712944355455866e-01   1.0038583364938003e+00   1.0260607380169406e+00   1.1421949717761590e+00
   1.0203089429392316e+00   1.0116325730082396e+00   1.0481309957983131e+00   9.6924166885886143e-01   9.8038818737689537e-01   9.9598518935667257e-01
   1.0298453180019203e+00   1.0057477423562469e+00   1.0716817649496215e+00   9.8809119138359869e-01   9.7999371012238456e-01   1.0419389534842973e+00
   9.8067617874259005e-01   1.0171359162038209e+00   9.5402884447354586e-01   1.0401543874712644e+00   9.5408514781887721e-01   9.5313043644149797e-01
   1.0985208938920314e+00   9.7471728138820579e-01   9.3756984686498201e-01   8.8418041355586463e-01   9.7861638801665962e-01   1.0188576125868647e+00
   9.8189132468995732e-01   9.9162146119573968e-01   9.4624964074548190e-01   1.0052709098861183e+00   1.0491851402309209e+00   9.9116055085551324e-01
   9.7209166875491793e-01   1.0395464399786978e+00   1.0039136219611302e+00   9.6929165170461118e-01   1.0312446751825060e+00   1.0133938972935037e+00
   1.0478363392325554e+00   1.0394352438013006e+00   1.0024664532673042e+00   1.1221628576193778e+00   1.0214935908289076e+00   9.9559247943959317e-01
   1.0182626062644007e+00   9.9187967954766110e-01   9.8275775926115161e-01   9.7580297343325217e-01   9.8009995097170799e-01   1.0107170510525574e+00
   1.0044699781914257e+00   1.0027412748115714e+00   1.0200638401251818e+00   1.0413182604188220e+00   1.0355330985548092e+00   1.0265296848189516e+00
   9.9553433881926201e-01   9.4007073986147160e-01   9.2506370400941418e-01   9.3252970351720155e-01   9.4117756037509781e-01   9.5689759030742316e-01
   1.0091349188526937e+00   1.0106759818387967e+00   1.0305394116230147e+00   1.0221209042714008e+00   1.0156344621086679e+00   9.7296538912328789e-01
   9.6379913773685955e-01   9.4365658569500233e-01   9.7164240661957135e-01   1.0167995013787599e+00   9.0384072750027589e-01   9.7221670003854954e-01
   1.0281757976894537e+00   1.0290774844096540e+00   1.0187802158153707e+00   1.0247907832477725e+00   1.0297197076876354e+00   9.9046707594044969e-01
   1.0273933392270553e+00   9.1367977766692665e-01   9.6731950144240209e-01   9.7983658809277052e-01   9.7916156422490108e-01   9.6153969504502446e-01
   9.8666557548147038e-01   9.8533871094860581e-01   9.5542339292120992e-01   9.1768877854685071e-01   9.5746143054699229e-01   9.7999532463935002e-01
   9.5496268892431946e-01   1.0016408390003595e+00   9.8867626876970216e-01   9.3721177805774836e-01   9.3333706540748151e-01   9.5050645819707225e-01
   1.0139603862480688e+00   9.8183429354927787e-01   9.9427939109755437e-01   9.8566452455769449e-01   1.0634948954959267e+00   9.8912676824576051e-01
   9.9052669641990410e-01   1.0176285619164624e+00   9.9424131993085940e-01   1.0404472428238427e+00   1.0149277731790431e+00   9.6702340090235417e-01
   1.0191285921891622e+00   9.7333844617002008e-01   9.7852892384315204e-01   1.0565911219820916e+00   1.0088176348600069e+00   1.0454462389594528e+00
   1.0281835530128882e+00   9.4691838361757141e-01   9.9252016248867103e-01   1.0490979245303973e+00   1.0735340108946292e+00   1.0108707226710589e+00
   1.0045715872756407e+00   1.0958585851137432e+00   1.0285998752339260e+00   1.0212727319544854e+00   9.9999893239853133e-01   1.0881704997652248e+00
   1.0181771031357856e+00   9.3068239688101340e-01   9.6632765661554088e-01   1.0125000272000000e+00   9.3152000276259594e-01   9.6000620834913664e-01
   1.0580345116060383e+00   9.2553299683254986e-01   9.1363707544017980e-01   9.5473206520092313e-01   1.0294095184501151e+00   9.7916233740820069e-01
   9.5703053799159843e-01   1.1069461202355937e+00   9.6517654886588067e-01   1.0577730844658051e+00   8.6427960928251935e-01   9.6808287696727024e-01
   1.0089665842662818e+00   1.0035058832694033e+00   1.0468855948397711e+00   9.6295900415060376e-01   9.8594259507265658e-01   9.5604497718057468e-01
   9.8665920764379489e-01   1.0522728856288925e+00   9.8019617122863967e-01   9.9999325580823095e-01   9.9999517248168934e-01   1.0344800921735309e+00
   9.5946364113001037e-01   9.9503807536257238e-01   9.4781016502920246e-01   1.0085516343051943e+00   9.6611103516276375e-01   9.6666162277129619e-01
   1.0093826213845742e+00   9.9667859693370708e-01   9.8758350890199886e-01   9.7033732940676498e-01   9.8246891026746530e-01   1.0023191579840307e+00
   9.8604795525765188e-01   9.8830665762180303e-01   9.0827637463424360e-01   9.8688761483607468e-01   9.4642052970453583e-01   9.4187233415797089e-01
   1.0235105523560029e+00   1.0179096952896136e+00   9.2277027479374352e-01   1.0105384913956525e+00   1.1132083064506426e+00   1.0246962223291951e+00
   9.8122406813950291e-01   9.6147620182189530e-01   1.0025948567324949e+00   1.0044116143335744e+00   9.4319799554830952e-01   1.0482036003649979e+00
   1.0191439466664152e+00   1.0069675020311271e+00   1.0172410493937016e+00   9.8678492962536712e-01   1.0272679430939677e+00   8.3907746971897090e-01
   1.0938923191151357e+00   1.0034496358103564e+00   1.0000123220303681e+00   9.6428150801330748e-01   1.0265582634417165e+00   1.0753499654730492e+00
   1.0085861201561599e+00   9.1379267514836415e-01   9.9998887690201654e-01   9.9999094527383137e-01   9.3103710448911858e-01   9.4268464761542181e-01
   1.0255325621806584e+00   9.8869261567714040e-01   1.0169381358065075e+00   9.5369913094536196e-01   8.9814417560446869e-01   9.9181921343367963e-01
   9.8312525567583531e-01   9.7710071617616778e-01   9.5208490622279895e-01   9.7572814376895733e-01   1.0412245614729698e+00   9.8630458026675205e-01
   9.3990687518921723e-01   9.6732531464870442e-01   1.1334934087996567e+00   1.0775246589507121e+00   9.8019707900388153e-01   9.9998696301905243e-01
   1.0228393290500104e+00   9.7959057799006632e-01   9.5588699500635432e-01   1.0747743093632434e+00   9.9298905006166138e-01   9.8611589989978177e-01
   1.0178511074578223e+00   1.0020714478055233e+00   9.7156463678631666e-01   9.9564932536541750e-01   9.4844713597577934e-01   1.0140804036398980e+00
   9.9561470343338543e-01   1.0603091087943239e+00   1.0104673046276202e+00   1.0262026517776015e+00   1.0326135324458861e+00   8.8889593569049419e-01
   9.7796606386020291e-01   9.1372350390008483e-01   9.3787977878015572e-01   9.3616101267461549e-01   9.6842107329367022e-01   9.9072686689644673e-01
   9.8199182033751620e-01   9.7423283039132202e-01   9.0728324037262942e-01   9.8182230009010885e-01   9.2391314385401180e-01   9.5238183155637501e-01
   1.0280460702508445e+00   1.0903516810107710e+00   1.0511176909136606e+00   1.0496786756640073e+00   1.1058822898143186e+00   1.0583378696356784e+00
   9.9546816178187358e-01   9.4887473208953843e-01   9.7229517768516771e-01   9.9107742710505586e-01   9.7103922352517613e-01   1.0314897748575875e+00
   9.8174349760845037e-01   1.0150845556558392e+00   9.9515388361525570e-01   1.0405353034518339e+00   1.0555439716820587e+00   9.9235913836606671e-01
   1.0232609532853960e+00   9.7664088296513241e-01   1.0024451233141496e+00   9.7834801495784007e-01   9.5790126397344688e-01   1.0307736103762182e+00
   9.6363070612847146e-01   9.2826397845177477e-01   9.4175128154814847e-01   9.4026905280614059e-01   9.8902066432427727e-01   1.1108822817251982e+00
   9.7169441038034898e-01   1.0070426639777981e+00   9.4330104707282281e-01   9.5999292899789790e-01   9.7778056511483025e-01   1.0000127337484581e+00
   1.0341795451734348e+00   1.0625576931328036e+00   9.8906555830900511e-01   9.9312975576611107e-01   1.0568043434787471e+00   1.0270515284577932e+00
   9.7608201560708030e-01   9.5343192811552002e-01   9.5050513780938595e-01   9.9500965156707266e-01   9.8924177223264831e-01   9.9999857039999984e-01
   1.0196007004819363e+00   9.7209657357182522e-01   1.0088043089447796e+00   1.0854112024958975e+00   1.0581396757438382e+00   9.9999393360920041e-01
   1.0144237638982516e+00   9.9042584236839881e-01   9.9708108568394926e-01   1.0509231273217534e+00   1.0833389819853234e+00   9.8683464856404812e-01
   9.6681453030555420e-01   1.0193216664516211e+00   1.0320637918408606e+00   1.0132098780874734e+00   9.8076389209680825e-01   1.0852009291025400e+00
   1.0441157649531663e+00   1.0947893811953997e+00   1.1751396318817513e+00   1.0260862628303420e+00   1.0784278742480227e+00   1.0864311646987332e+00
   9.5764765625554671e-01   9.7185970567138713e-01   9.8557751146590200e-01   9.8983395072022362e-01   1.0272690446969150e+00   1.0113811006676943e+00
   9.9499482573275966e-01   1.1241422315152978e+00   1.0829213605667674e+00   1.0259797987323223e+00   1.0000099170179138e+00   1.1011191733480139e+00
   1.0050179719481809e+00   1.0080321182015521e+00   1.0328973426234300e+00   1.0970537304512882e+00   1.0265506022763917e+00   9.5917492338696286e-01
   9.9001448179609697e-01   9.2030252642530563e-01   9.4945958924682539e-01   9.6922805054792094e-01   9.6778445735400542e-01   9.4681168943354965e-01
   9.5454436349953697e-01   9.1340330088751909e-01   9.6296543188389738e-01   9.1269763799628101e-01   1.0090141399561412e+00   1.0112291718092858e+00
   1.0634875804311223e+00   1.1090064500436105e+00   1.1201752463060264e+00   1.0173883210388037e+00   9.9999896395755616e-01   1.0359985611443501e+00
   1.0046785705410035e+00   1.0641058712284823e+00   1.0922802342510665e+00   1.0683880600215994e+00   1.0267916356990352e+00   1.0434820324368561e+00
   1.0353574729184447e+00   9.9181134884250288e-01   1.0471409393309818e+00   1.0831058301469960e+00   1.1043477197235925e+00   9.8958402550066993e-01
   9.5608575750095737e-01   9.6516452999999403e-01   9.5290556734474596e-01   1.0223801112527753e+00   9.9212537522005739e-01   9.4210460739394564e-01
   1.0000019095388739e+00   1.0106196187187009e+00   1.0039672493747784e+00   1.0072975685884240e+00   9.3924860817863398e-01   1.1173129931301837e+00
   1.0102028137177301e+00   9.9788697356901090e-01   9.5455777483621962e-01   9.1667375471345180e-01   9.9144444030703205e-01   9.3998672845331344e-01
   1.0252533755190758e+00   1.0042004476887811e+00   1.0600355130588048e+00   9.8813410295010884e-01   1.0172432342613804e+00   1.0017284997651270e+00
   9.0146965529501177e-01   8.9726504156143538e-01   8.9649819775139217e-01   9.2400423811447030e-01   8.1355008573296872e-01   8.6021725580418451e-01
   1.0332716600824838e+00   9.9737283875559468e-01   1.0326596271905617e+00   9.9475423197506763e-01   1.0416537354758237e+00   9.9999792804680432e-01
   1.0648583780524896e+00   9.3349535813155193e-01   1.0189719007610454e+00   9.5152284929223618e-01   1.0599869757658587e+00   1.1375000722452016e+00
   1.0000120994369086e+00   9.3638158521557247e-01   1.0294642472312345e+00   1.0092542825309028e+00   1.0700481550138998e+00   1.0109890802251957e+00
   9.9493811096902585e-01   1.0434816402144580e+00   1.0245371898048992e+00   9.2203082956437810e-01   1.0000061316808635e+00   1.0543455904870476e+00
   9.7959920693271829e-01   9.9479236128056137e-01   9.7005256352199543e-01   1.0149160054878754e+00   1.0178587011892317e+00   1.0843231164579628e+00
   1.0416617846866079e+00   1.0471223648562356e+00   1.0185350878982964e+00   1.0098055754461805e+00   1.0087796382496970e+00   1.0961487660028912e+00
   9.8490718018318468e-01   9.5250962599164002e-01   9.6362731946231883e-01   8.9804684322640982e-01   1.0000027450267202e+00   1.0789538839898107e+00
   1.0155368083948351e+00   1.0454616932747536e+00   1.0314322457979541e+00   1.0808153048075158e+00   1.0260879515532579e+00   1.0650454154671283e+00
   1.0153073069946097e+00   9.9999073492641488e-01   1.0285333031558850e+00   9.5431908197082038e-01   1.0216381140079092e+00   1.0381757660052420e+00
   1.0502738120794677e+00   1.0102067765535683e+00   1.0379305961513816e+00   9.6809542948956340e-01   1.0168019513716673e+00   1.0000068332579726e+00
   1.0334855386877073e+00   1.0606218071164988e+00   1.0134446621553903e+00   1.0109963359726559e+00   9.9174121210466104e-01   1.0441287654115117e+00
   9.6296687115429747e-01   9.4047600703682310e-01   9.5445126565847360e-01   1.0163048745245318e+00   9.5000335876489583e-01   9.3048861253907122e-01
   1.0202856630686896e+00   9.9241558718097955e-01   9.8011566130323913e-01   9.5187724618972347e-01   1.0175395417822770e+00   1.0381750502113534e+00
   9.8558495391965040e-01   1.0323802912534847e+00   9.4117167415535319e-01   1.0044840337835952e+00   9.9137754391285404e-01   1.0073499788895688e+00
   1.0000028962461427e+00   9.9496384374933355e-01   9.7341455599893156e-01   8.9774220399505666e-01   1.0086949896258519e+00   1.1021762219687901e+00
   1.0341490428234557e+00   1.0378862277260803e+00   1.0134311102183882e+00   1.0886190206181408e+00   1.0213347702328472e+00   9.8674777893173216e-01
   1.0330121892751365e+00   9.7081430129054069e-01   1.0088367533517368e+00   9.7092674462121231e-01   9.9145017792321732e-01   9.8657109539521926e-01
   1.0228266019755043e+00   1.0827005689845901e+00   9.3654461555734980e-01   1.0119662275718917e+00   1.0603318781045108e+00   1.0486638750247810e+00
   1.0178502013374044e+00   9.6528354674785588e-01   1.0070076916631121e+00   1.1124241492870628e+00   1.0569190366544809e+00   9.2810384462874229e-01
   9.9261798390078226e-01   1.0754493944602030e+00   1.0603242822511816e+00   1.1063789994674087e+00   1.1076981445745830e+00   1.0704247848855963e+00
   1.0585427309954190e+00   9.8415098425034342e-01   1.0258189650741980e+00   9.9417251195397816e-01   9.4443775108107508e-01   1.0526184621439421e+00
   9.9575213343311186e-01   1.0804595351602335e+00   9.5258280287846975e-01   1.0196005689134604e+00   9.5947406910184507e-01   1.1937580968172894e+00
   1.0256377119969178e+00   9.7447481844070061e-01   9.5702166518484166e-01   9.9518605642925917e-01   9.9223913006835196e-01   1.0052518575093758e+00
   9.8749548955331434e-01   9.4979829911484515e-01   9.9763964386366977e-01   9.2752911710246710e-01   9.6094691941000543e-01   8.3925429802795604e-01
   9.8312940051462017e-01   9.1033635587325401e-01   9.5022363047574820e-01   9.6874910081269294e-01   9.2682781880647924e-01   1.0062485775414505e+00
   9.4929603531798212e-01   1.0050414872341853e+00   9.7006680298422332e-01   1.0322569469993721e+00   9.9999629108155197e-01   9.8137927337090092e-01
   1.0875462457593328e+00   1.0055603069996792e+00   1.0051329941390015e+00   9.7884931969092304e-01   1.1929839167660163e+00   1.1012691270252144e+00
   1.0042357901560783e+00   1.0228509996232624e+00   1.0252321675366933e+00   1.0107960741720872e+00   1.1433775693889203e+00   1.1252934289312118e+00
   1.0084343962984512e+00   1.0421964136515729e+00   1.0051072002311394e+00   1.0320852169299966e+00   9.3507863816718029e-01   1.0955208308676232e+00
   9.3723890351552619e-01   9.6905343815891176e-01   9.3654934774392817e-01   1.0829178191486279e+00   9.8612290944479930e-01   1.1343630676608116e+00
   1.1964280571785038e+00   1.1056483633655629e+00   1.0270860162981263e+00   1.0622212825355568e+00   1.0704107676669803e+00   1.0909032528451055e+00
   1.0886710993614679e+00   1.0622297681044728e+00   1.0158347827903536e+00   9.6396914263037492e-01   9.6711882270593674e-01   1.1375057466664218e+00
   1.0487771254531113e+00   9.9034239881738073e-01   1.0104043904517912e+00   1.0235902789154590e+00   1.1156475419758836e+00   1.0366225494300658e+00
   1.0764315227150156e+00   9.4219640298174434e-01   9.3739405866813696e-01   9.7685434840850405e-01   9.7561456171207195e-01   1.0141227906130907e+00
   8.7654885021009454e-01   9.9544237603421526e-01   1.0722203926875749e+00   8.9099464032406384e-01   9.2805548563687013e-01   7.2474612369119784e-01
   9.1547072474227043e-01   9.1324645989168762e-01   9.7669256946255889e-01   9.4681000408303040e-01   8.9114805140775633e-01   9.9037560770171063e-01
   1.0269249031383891e+00   9.8501305676287598e-01   1.0238736547090910e+00   1.1011379627220155e+00   1.0228957214374623e+00   9.6194093028779715e-01
   1.0778891646017486e+00   9.5431950118371855e-01   1.0906848423326703e+00   1.0025496252503925e+00   1.0820858425642228e+00   1.0304549833395327e+00
   9.4700014010862199e-01   1.0314592613301785e+00   1.0094981086277939e+00   1.0636159662738021e+00   1.0862138825015919e+00   9.2610119662077739e-01
   1.0559575619128598e+00   1.1049886452350559e+00   9.8271237926064892e-01   1.0194161628171283e+00   1.0079414312522224e+00   1.0797916293324190e+00
   1.0565581313448458e+00   1.0261201102615520e+00   1.0726617822962268e+00   1.0571609874120205e+00   1.0745447320732171e+00   1.0788313381881109e+00
   1.0066812891427452e+00   1.0694447977266393e+00   1.0225713794817330e+00   1.0090037550174382e+00   9.7776635566537240e-01   1.0136901436392456e+00
   9.8340382313177388e-01   9.8268517976673853e-01   1.0044281329269926e+00   1.0580364716388302e+00   1.0151508306066961e+00   1.0720825881033753e+00
   1.0134944115996098e+00   1.0418385503817345e+00   1.0571332819535968e+00   1.0632910129200164e+00   1.0373168148435721e+00   1.0092731225315112e+00
   1.0198115478273928e+00   1.0803403566912302e+00   1.0914813546987550e+00   1.0039725021454078e+00   1.0359668474858186e+00   9.9581280587312915e-01
   1.0199251034212256e+00   9.8353505172027333e-01   9.8285674511452015e-01   9.6782606722060893e-01   1.0624904757591400e+00   9.7477894682294630e-01
   9.5765930275895972e-01   9.4153100192404027e-01   9.8587774345094514e-01   1.0413219774421756e+00   1.0000039093336883e+00   1.1594871386902783e+00
   9.5237935203715052e-01   1.1648852451135003e+00   1.1232426971695531e+00   1.1071535270010011e+00   1.0555546479845690e+00   9.8885481357192451e-01
   1.0642751841019591e+00   9.7425698943703876e-01   9.6991938869810213e-01   9.4622667475458555e-01   9.4998552008569015e-01   9.1729247199729347e-01
   1.0939557369061024e+00   1.0434055147624666e+00   1.0438073315975998e+00   9.2804127548436166e-01   9.2763584624299777e-01   9.9649095608178773e-01
   9.7019619137090185e-01   1.0235144138314471e+00   9.6502483088851909e-01   9.7550152141386526e-01   9.9291765967049139e-01   9.9999999262285633e-01
   1.1929203971459399e+00   1.1370794069362371e+00   1.0652133377939377e+00   1.0006074668985545e+00   1.0214354124575380e+00   9.5452076566645472e-01
   1.0808735330592749e+00   9.8427113679805789e-01   9.5342686584364111e-01   1.0000042522070871e+00   9.6502831113879761e-01   9.7834104540797329e-01
   1.0324198949480914e+00   9.6805051835933109e-01   9.7277688318921085e-01   1.0254292622815060e+00   9.0933967649265501e-01   9.8229743404063896e-01
   9.4928135476482312e-01   9.8844948365225171e-01   1.0634250670439176e+00   1.0909052478318619e+00   1.0483785608410019e+00   9.7297814380658598e-01
   9.3640309953430179e-01   9.5826878738461430e-01   9.8770686768331262e-01   1.0416685368525196e+00   9.6153247239902329e-01   8.8888753831351364e-01
   8.9133805731029114e-01   9.6862329410200199e-01   9.8934138312783293e-01   9.8910052263731552e-01   9.6799132974405633e-01   1.0068716730916307e+00
   9.8451838902382260e-01   1.0340309999802368e+00   1.0017995147840160e+00   1.0519177595763971e+00   9.9173604534609905e-01   1.0624872993391037e+00
   1.0314519109912568e+00   1.0088178754868304e+00   1.1549501994529829e+00   1.0035291924685015e+00   1.0833156655472378e+00   9.3382273083247114e-01
   9.3903890040311000e-01   1.0191897512463759e+00   1.0282219267045878e+00   1.0422431335125335e+00   9.9671141168820043e-01   1.0708706175636535e+00
   9.4806481211357796e-01   1.0154044734203580e+00   9.8778165576784971e-01   1.0067524440370752e+00   1.0625019419856352e+00   1.0514844617901140e+00
   9.6917903009117456e-01   1.0590203017661510e+00   1.0416705864070648e+00   1.0134222470227876e+00   1.0147085699286129e+00   9.7098078827129619e-01
   1.0317968750789157e+00   1.0143276314262923e+00   9.7184666390668062e-01   1.0860933539739301e+00   1.0507171674341416e+00   1.1521673009598294e+00
   1.0087793631887261e+00   9.0558565275676950e-01   9.2074537009096369e-01   9.6646098810772596e-01   9.5172544310724205e-01   9.1825094571940136e-01
   9.8962107687346168e-01   1.0333286906250041e+00   1.0233726212461385e+00   1.0229398876973996e+00   1.1087042969337997e+00   1.0000026012975749e+00
   9.8250511441378185e-01   9.9319386236401996e-01   9.9509497211912223e-01   1.0031313601492604e+00   1.0160841483214054e+00   9.8630238821166438e-01
   9.8220326300641547e-01   9.2991552613475337e-01   1.0147789706240031e+00   9.9379483734835949e-01   1.0714356762333750e+00   9.7916552706574933e-01
   1.0144905358773828e+00   9.2646892767519151e-01   9.5148668016603033e-01   9.4999828836533062e-01   9.2121330130510914e-01   9.7163051599154793e-01
   1.0178515351558972e+00   9.4047097696376225e-01   9.7618659008926312e-01   9.9670389872022058e-01   9.4077081424411213e-01   1.0795529770394401e+00
   1.0480468842895794e+00   1.0105524722812875e+00   1.0348356170828137e+00   9.3398514611745354e-01   1.0629251134896480e+00   1.0952330220438156e+00
   1.0546193924337819e+00   1.0437623923120181e+00   9.6297343185698847e-01   1.0600635930145348e+00   9.4735738235740174e-01   1.0683184753344359e+00
   9.3203536357637162e-01   9.7972135535313154e-01   9.1233084643080831e-01   9.7971703425949896e-01   9.4443488072626014e-01   9.0698663198615770e-01
   9.5835077828330151e-01   9.6068272522374332e-01   9.4768315344497511e-01   9.6207693143638484e-01   9.5923611077028625e-01   8.9102831308109365e-01
   1.0036072343440821e+00   9.8275541510026809e-01   1.0879369051553802e+00   9.8566502120720090e-01   1.0154880301272591e+00   9.3527160048104674e-01
   9.2417126496633117e-01   1.0350786118920066e+00   9.8495531501558120e-01   1.0036400564768324e+00   1.0076381913409751e+00   1.0987503111397243e+00
   1.0394224447772433e+00   1.0106020729460130e+00   1.0000049987164277e+00   1.0000028456732093e+00   1.0151455471940818e+00   1.0422639042010302e+00
   9.9614794258365114e-01   9.5721187150662179e-01   1.0114469200560607e+00   1.0036097141383669e+00   9.5522612280583974e-01   9.4594697033558439e-01
   1.0694939525054006e+00   1.0511068053239430e+00   1.0659591619555293e+00   1.0256406108590861e+00   1.0625000860521687e+00   9.7857615791735120e-01
   9.8918623818060925e-01   9.8519650297541472e-01   9.9459279027787717e-01   1.0714369988433670e+00   9.8864647459493726e-01   1.0218892444809204e+00
   9.6349728932316081e-01   9.7855572540173907e-01   1.0253588085615890e+00   1.0033359169875149e+00   9.3985477429941322e-01   8.6426603892590403e-01
   9.5455933548071303e-01   9.5615065175801672e-01   9.8587420054151276e-01   9.6012317610734288e-01   9.6000314414904642e-01   8.7407769169442884e-01
   9.8015668847057646e-01   9.1744602288310839e-01   1.0286736449607226e+00   1.0034550341958257e+00   1.0666725537863582e+00   1.0666648089329578e+00
   1.0167132432987749e+00   1.0852135159447933e+00   9.8781018394830999e-01   1.0479935617157321e+00   1.0156272897228005e+00   9.8213103450115669e-01
   9.9183595639824351e-01   9.5785897597746583e-01   9.7569855635538105e-01   9.7668109342405685e-01   9.7691664116537358e-01   9.7272808192313587e-01
   1.0123549592471834e+00   9.1198686372944371e-01   9.9818780219049807e-01   9.2492375556544226e-01   9.7326308603212330e-01   9.9065391788584578e-01
   9.7968296152395717e-01   1.0053819419078280e+00   1.0531286612690698e+00   1.0147581006517046e+00   9.8361234925552654e-01   9.9058383343143153e-01
   9.9170681369154645e-01   1.0026547577597609e+00   1.0365146825508258e+00   1.0145443771200096e+00   1.0249932971138149e+00   1.0285699646472994e+00
   1.0209237236914583e+00   1.0079818759976187e+00   9.9160803630004690e-01   1.0931830841534231e+00   9.9187018377017722e-01   1.0456613019222387e+00
   1.0461105714355179e+00   1.0765191772686769e+00   1.0050833482074923e+00   9.5409316146741119e-01   9.9998352715306549e-01   1.0267839871817512e+00
   9.7993322876495526e-01   9.3062344148931964e-01   9.8316756748918821e-01   1.0310765177751424e+00   9.8360244980921485e-01   9.3042670671989836e-01
   9.5902450595378252e-01   9.4638007731534413e-01   9.8096320794720149e-01   9.3243655563970695e-01   9.2917117315518361e-01   8.9720429382040323e-01
